((("iptables" .
   [11 1 1 0 0 0 0 2])
  ("password" .
   [1 0 1 0 1 0 0 0])
  ("Octokit" .
   [1 0 0 0 0 0 1])
  ("133.194.255.254" .
   [2 0 0 0 0 0 0 0 0 0 0 0 0 0 0])
  ("133.194.255.253/30" .
   [0 0 0 0 0 0 0 0 0 0 0 0 1 0 0 0 0 0])
  ("add" .
   [1 0 0])
  ("ap" .
   [1 0])
  ("no" .
   [1 0])
  ("logout" .
   [0 0 1 0 0 0])
  ("netns" .
   [3 0 0 0 0])
  ("default" .
   [1 0 0 0 0 0 0])
  ("tramp-mode" .
   [0 0 0 0 0 0 0 0 0 1])
  ("nil" .
   [5 0 0])
  ("add-to-list" .
   [2 0 0 0 0 0 0 0 0 0 0])
  ("tramp-default-proxies-alist" .
   [0 0 0 0 0 0 0 0 2 0 0 0 0 0 0 0 0 0 0 0 0 0 0 0 0 0 0])
  ("regexp-quote" .
   [1 0 0 0 0 0 0 0 0 0 0 0])
  ("system-name" .
   [0 0 0 0 0 0 0 0 0 1 0])
  ("yum" .
   [1 0 0])
  ("!/bin/bash" .
   [1 0 0 0 0 0 0 0 0 0])
  ("Vars" .
   [1 0 0 0])
  ("FUMIDAI_IP" .
   [1 0 0 0 0 0 0 0 0 0])
  ("IPv4" .
   [1 0 0 0])
  ("-P" .
   [3 0])
  ("INPUT" .
   [4 0 0 0 1])
  ("ACCEPT" .
   [7 2 0 2 0 0])
  ("OUTPUT" .
   [3 1 0 1 0 0])
  ("FORWARD" .
   [1 0 0 0 0 0 0])
  ("-F" .
   [1 0])
  ("Local" .
   [1 0 0 0 0])
  ("-A" .
   [6 0])
  ("-i" .
   [3 0])
  ("lo" .
   [1 0])
  ("-j" .
   [8 0])
  ("LOCAL_IF" .
   [2 0 0 0 0 0 0 0])
  ("MG_IF" .
   [1 0 0 0 0])
  ("DROP" .
   [2 0 0 0])
  ("BGP_IF" .
   [1 0 0 0 0 0])
  ("-s" .
   [1 0])
  ("172.16.0.0/12" .
   [1 0 0 0 0 0 0 0 0 0 0 0 0])
  ("192.168.0.0/16" .
   [0 0 0 0 0 1 0 0 0 0 0 0 0 0])
  ("-o" .
   [2 0])
  ("ethmg" .
   [1 0 0 0 0])
  ("-p" .
   [2 0])
  ("icmp" .
   [2 0 0 0])
  ("--icmp-type" .
   [2 0 0 0 0 0 0 0 0 0 0])
  ("-m" .
   [1 0])
  ("length" .
   [1 0 0 0 0 0])
  ("--length" .
   [1 0 0 0 0 0 0 0])
  ("const" .
   [0 0 0 0 1])
  ("socket" .
   [1 0 0 0 0 0])
  ("sys" .
   [1 0 0])
  ("stdio" .
   [0 0 1 0 0])
  ("struct" .
   [0 0 0 0 0 1])
  ("addr" .
   [5 0 0 0])
  ("AF_INET" .
   [1 0 0 0 0 0 0])
  ("port" .
   [2 0 0 0])
  ("sock" .
   [3 0 0 0])
  ("buf" .
   [5 0 0])
  ("argc" .
   [1 0 0 0])
  ("argv" .
   [1 0 0 0])
  ("VERSION" .
   [2 0 0 0 0 0 0])
  ("debug" .
   [1 0 0 0 0])
  ("debugflag" .
   [1 0 0 0 0 0 0 0 0])
  ("printf" .
   [4 0 0 0 0 0])
  ("TCP" .
   [1 0 0])
  ("size" .
   [1 0 0 0])
  ("cvalue" .
   [1 0 0 0 0 0])
  ("hostname" .
   [1 0 0 0 0 0 0 0])
  ("mode" .
   [4 0 0 0])
  ("servermode" .
   [2 0 0 0 0 0 0 0 0 0])
  ("clientmode" .
   [2 0 0 0 0 0 0 0 0 0])))
